/*--------------------------------*- C++ -*----------------------------------*\
  =========                 |
  \\      /  F ield         | OpenFOAM: The Open Source CFD Toolbox
   \\    /   O peration     | Website:  https://openfoam.org
    \\  /    A nd           | Version:  9
     \\/     M anipulation  |
\*---------------------------------------------------------------------------*/
FoamFile
{
    format      ascii;
    class       cellSet;
    location    "constant/polyMesh/sets";
    object      cellsToBeRemoved;
}
// * * * * * * * * * * * * * * * * * * * * * * * * * * * * * * * * * * * * * //


1677
(
49152 
49153 
49154 
15 
16 
17 
48 
49 
50 
81 
82 
83 
114 
115 
116 
147 
148 
149 
180 
181 
182 
213 
214 
215 
57567 
57568 
57569 
246 
247 
248 
57600 
57601 
57602 
41232 
41233 
41234 
279 
280 
281 
57633 
57634 
57635 
41265 
41266 
41267 
312 
313 
314 
57666 
57667 
57668 
41298 
41299 
41300 
345 
346 
347 
57699 
57700 
57701 
41331 
41332 
41333 
378 
379 
380 
57732 
57733 
57734 
41364 
41365 
41366 
411 
412 
413 
57765 
57766 
57767 
41397 
41398 
41399 
444 
445 
446 
57798 
57799 
57800 
41430 
41431 
41432 
477 
478 
479 
57831 
57832 
57833 
41463 
41464 
41465 
510 
511 
512 
57864 
57865 
57866 
41496 
41497 
41498 
543 
544 
545 
41529 
41530 
41531 
576 
577 
578 
609 
610 
611 
642 
643 
644 
675 
676 
677 
708 
709 
710 
741 
742 
66279 
743 
66280 
66281 
774 
775 
66312 
776 
66313 
66314 
49944 
49945 
49946 
807 
808 
66345 
809 
66346 
66347 
49977 
49978 
49979 
840 
841 
66378 
842 
66379 
66380 
50010 
50011 
50012 
873 
874 
66411 
875 
66412 
66413 
50043 
50044 
50045 
906 
907 
66444 
908 
66445 
66446 
50076 
50077 
50078 
939 
940 
66477 
941 
66478 
66479 
50109 
50110 
50111 
972 
33741 
973 
66510 
33742 
974 
66511 
33743 
66512 
50142 
50143 
50144 
1005 
33774 
1006 
66543 
33775 
1007 
66544 
33776 
66545 
50175 
50176 
50177 
1038 
1039 
66576 
1040 
66577 
66578 
50208 
50209 
50210 
1071 
1072 
1073 
50241 
50242 
50243 
1104 
1105 
1106 
1137 
1138 
1139 
1170 
1171 
1172 
1203 
1204 
1205 
1236 
1237 
1238 
1269 
1270 
1271 
1302 
1303 
1304 
58656 
58657 
58658 
1335 
1336 
1337 
58689 
58690 
58691 
42321 
42322 
42323 
1368 
1369 
1370 
58722 
58723 
58724 
42354 
42355 
42356 
1401 
1402 
1403 
58755 
58756 
58757 
42387 
42388 
42389 
1434 
1435 
1436 
58788 
58789 
58790 
42420 
42421 
42422 
1467 
1468 
1469 
58821 
58822 
58823 
42453 
42454 
42455 
1500 
1501 
1502 
58854 
58855 
58856 
42486 
42487 
42488 
1533 
1534 
1535 
58887 
58888 
58889 
42519 
42520 
42521 
1566 
1567 
1568 
58920 
58921 
58922 
42552 
42553 
42554 
1599 
1600 
1601 
58953 
58954 
58955 
42585 
42586 
42587 
1632 
1633 
1634 
42618 
42619 
42620 
1665 
1666 
1667 
1698 
1699 
1700 
1731 
1732 
1733 
1764 
1765 
1766 
1797 
1798 
1799 
1830 
1831 
67368 
1832 
67369 
67370 
1863 
1864 
67401 
1865 
67402 
67403 
51033 
51034 
51035 
1896 
1897 
67434 
1898 
67435 
67436 
51066 
51067 
51068 
1929 
1930 
67467 
1931 
67468 
67469 
51099 
51100 
51101 
1962 
1963 
67500 
1964 
67501 
67502 
51132 
51133 
51134 
1995 
1996 
67533 
1997 
67534 
67535 
51165 
51166 
51167 
2028 
2029 
67566 
2030 
67567 
67568 
51198 
51199 
51200 
2061 
34830 
2062 
67599 
34831 
2063 
67600 
34832 
67601 
51231 
51232 
51233 
2094 
34863 
2095 
67632 
34864 
2096 
67633 
34865 
67634 
51264 
51265 
51266 
2127 
2128 
67665 
2129 
67666 
67667 
51297 
51298 
51299 
2160 
2161 
2162 
51330 
51331 
51332 
2193 
2194 
2195 
2226 
2227 
2228 
2259 
2260 
2261 
2292 
2293 
2294 
2325 
2326 
2327 
2358 
2359 
2360 
2391 
2392 
2393 
59745 
59746 
59747 
2424 
2425 
2426 
59778 
59779 
59780 
43410 
43411 
43412 
2457 
2458 
2459 
59811 
59812 
59813 
43443 
43444 
43445 
2490 
2491 
2492 
59844 
59845 
59846 
43476 
43477 
43478 
2523 
2524 
2525 
59877 
59878 
59879 
43509 
43510 
43511 
2556 
2557 
2558 
59910 
59911 
59912 
43542 
43543 
43544 
2589 
2590 
2591 
59943 
59944 
59945 
43575 
43576 
43577 
2622 
2623 
2624 
59976 
59977 
59978 
43608 
43609 
43610 
2655 
2656 
2657 
60009 
60010 
60011 
43641 
43642 
43643 
2688 
2689 
2690 
60042 
60043 
60044 
43674 
43675 
43676 
2721 
2722 
2723 
43707 
43708 
43709 
2754 
2755 
2756 
2787 
2788 
2789 
2820 
2821 
2822 
2853 
2854 
2855 
2886 
2887 
2888 
2919 
2920 
68457 
2921 
68458 
68459 
2952 
2953 
68490 
2954 
68491 
68492 
52122 
52123 
52124 
2985 
2986 
68523 
2987 
68524 
68525 
52155 
52156 
52157 
3018 
3019 
68556 
3020 
68557 
68558 
52188 
52189 
52190 
3051 
3052 
68589 
3053 
68590 
68591 
52221 
52222 
52223 
3084 
3085 
68622 
3086 
68623 
68624 
52254 
52255 
52256 
3117 
3118 
68655 
3119 
68656 
68657 
52287 
52288 
52289 
3150 
35919 
3151 
68688 
35920 
3152 
68689 
35921 
68690 
52320 
52321 
52322 
3183 
35952 
3184 
68721 
35953 
3185 
68722 
35954 
68723 
52353 
52354 
52355 
3216 
35985 
3217 
68754 
35986 
3218 
68755 
35987 
68756 
52386 
52387 
52388 
3249 
3250 
3251 
52419 
52420 
52421 
3282 
3283 
3284 
3315 
3316 
3317 
3348 
3349 
3350 
3381 
3382 
3383 
3414 
3415 
3416 
3447 
3448 
3449 
3480 
3481 
3482 
60834 
60835 
60836 
3513 
3514 
3515 
60867 
60868 
60869 
44499 
44500 
44501 
3546 
3547 
3548 
60900 
60901 
60902 
44532 
44533 
44534 
3579 
3580 
3581 
60933 
60934 
60935 
44565 
44566 
44567 
3612 
3613 
3614 
60966 
60967 
60968 
44598 
44599 
44600 
3645 
3646 
3647 
60999 
61000 
61001 
44631 
44632 
44633 
3678 
3679 
3680 
61032 
61033 
61034 
44664 
44665 
44666 
3711 
3712 
3713 
61065 
61066 
61067 
44697 
44698 
44699 
3744 
3745 
3746 
28329 
61098 
28330 
61099 
28331 
61100 
44730 
44731 
44732 
3777 
3778 
3779 
61131 
61132 
61133 
44763 
44764 
44765 
3810 
3811 
3812 
44796 
44797 
44798 
3843 
3844 
3845 
3876 
3877 
3878 
3909 
3910 
3911 
3942 
3943 
3944 
3975 
3976 
3977 
4008 
4009 
69546 
4010 
69547 
69548 
4041 
4042 
69579 
4043 
69580 
69581 
53211 
53212 
53213 
4074 
4075 
69612 
4076 
69613 
69614 
53244 
53245 
53246 
4107 
4108 
69645 
4109 
69646 
69647 
53277 
53278 
53279 
4140 
4141 
69678 
4142 
69679 
69680 
53310 
53311 
53312 
4173 
4174 
69711 
4175 
69712 
69713 
53343 
53344 
53345 
4206 
36975 
4207 
69744 
36976 
4208 
69745 
36977 
69746 
53376 
53377 
53378 
4239 
37008 
4240 
69777 
37009 
4241 
69778 
37010 
69779 
53409 
53410 
53411 
4272 
37041 
4273 
69810 
37042 
4274 
69811 
37043 
69812 
53442 
53443 
53444 
4305 
37074 
4306 
69843 
37075 
4307 
69844 
37076 
69845 
53475 
53476 
53477 
4338 
37107 
4339 
37108 
4340 
37109 
53508 
53509 
53510 
4371 
4372 
4373 
4404 
4405 
4406 
4437 
4438 
4439 
4470 
4471 
4472 
4503 
4504 
4505 
4536 
4537 
4538 
4569 
4570 
4571 
61923 
61924 
61925 
4602 
4603 
4604 
61956 
61957 
61958 
45588 
45589 
45590 
4635 
4636 
4637 
61989 
61990 
61991 
45621 
45622 
45623 
4668 
4669 
4670 
62022 
62023 
62024 
45654 
45655 
45656 
4701 
4702 
4703 
62055 
62056 
62057 
45687 
45688 
45689 
4734 
4735 
4736 
62088 
62089 
62090 
45720 
45721 
45722 
4767 
4768 
4769 
62121 
62122 
62123 
45753 
45754 
45755 
4800 
4801 
4802 
29385 
62154 
29386 
62155 
29387 
62156 
45786 
45787 
45788 
4833 
4834 
4835 
29418 
62187 
29419 
62188 
29420 
62189 
45819 
45820 
45821 
4866 
4867 
4868 
62220 
62221 
62222 
45852 
45853 
45854 
4899 
4900 
4901 
45885 
45886 
45887 
4932 
4933 
4934 
4965 
4966 
4967 
4998 
4999 
5000 
5031 
5032 
5033 
5064 
5065 
5066 
5097 
5098 
70635 
5099 
70636 
70637 
5130 
5131 
70668 
5132 
70669 
70670 
54300 
54301 
54302 
5163 
5164 
70701 
5165 
70702 
70703 
54333 
54334 
54335 
5196 
5197 
70734 
5198 
70735 
70736 
54366 
54367 
54368 
5229 
5230 
70767 
5231 
70768 
70769 
54399 
54400 
54401 
5262 
38031 
5263 
70800 
38032 
5264 
70801 
38033 
70802 
54432 
54433 
54434 
5295 
38064 
5296 
70833 
38065 
5297 
70834 
38066 
70835 
54465 
54466 
54467 
5328 
38097 
5329 
70866 
38098 
5330 
70867 
38099 
70868 
54498 
54499 
54500 
5361 
38130 
5362 
70899 
38131 
5363 
70900 
38132 
70901 
54531 
54532 
54533 
5394 
38163 
5395 
70932 
38164 
5396 
70933 
38165 
70934 
54564 
54565 
54566 
5427 
38196 
5428 
38197 
5429 
38198 
54597 
54598 
54599 
5460 
5461 
5462 
5493 
5494 
5495 
5526 
5527 
5528 
5559 
5560 
5561 
5592 
5593 
5594 
5625 
5626 
5627 
5658 
5659 
5660 
63012 
63013 
63014 
5691 
5692 
5693 
63045 
63046 
63047 
46677 
46678 
46679 
5724 
5725 
5726 
63078 
63079 
63080 
46710 
46711 
46712 
5757 
5758 
5759 
63111 
63112 
63113 
46743 
46744 
46745 
5790 
5791 
5792 
63144 
63145 
63146 
46776 
46777 
46778 
5823 
5824 
5825 
63177 
63178 
63179 
46809 
46810 
46811 
5856 
5857 
5858 
63210 
63211 
63212 
46842 
46843 
46844 
5889 
5890 
5891 
30474 
63243 
30475 
63244 
30476 
63245 
46875 
46876 
46877 
5922 
5923 
5924 
30507 
63276 
30508 
63277 
30509 
63278 
46908 
46909 
46910 
5955 
5956 
5957 
63309 
63310 
63311 
46941 
46942 
46943 
5988 
5989 
5990 
46974 
46975 
46976 
6021 
6022 
6023 
6054 
6055 
6056 
6087 
6088 
6089 
6120 
6121 
6122 
6153 
6154 
6155 
6186 
6187 
71724 
6188 
71725 
71726 
6219 
6220 
71757 
6221 
71758 
71759 
55389 
55390 
55391 
6252 
6253 
71790 
6254 
71791 
71792 
55422 
55423 
55424 
6285 
6286 
71823 
6287 
71824 
71825 
55455 
55456 
55457 
6318 
6319 
71856 
6320 
71857 
71858 
55488 
55489 
55490 
6351 
39120 
6352 
39121 
6353 
39122 
55521 
55522 
55523 
6384 
39153 
6385 
39154 
6386 
39155 
55554 
55555 
55556 
6417 
39186 
6418 
39187 
6419 
39188 
55587 
55588 
55589 
6450 
39219 
6451 
39220 
6452 
39221 
55620 
55621 
55622 
6483 
39252 
6484 
39253 
6485 
39254 
55653 
55654 
55655 
6516 
39285 
6517 
39286 
6518 
39287 
55686 
55687 
55688 
6549 
39318 
6550 
39319 
6551 
39320 
6582 
6583 
6584 
6615 
6616 
6617 
6648 
6649 
6650 
6681 
6682 
6683 
6714 
6715 
6716 
6747 
6748 
6749 
64101 
64102 
64103 
6780 
6781 
6782 
64134 
64135 
64136 
47766 
47767 
47768 
6813 
6814 
6815 
64167 
64168 
64169 
47799 
47800 
47801 
6846 
6847 
6848 
64200 
64201 
64202 
47832 
47833 
47834 
6879 
6880 
6881 
64233 
64234 
64235 
47865 
47866 
47867 
6912 
6913 
6914 
64266 
64267 
64268 
47898 
47899 
47900 
6945 
6946 
6947 
64299 
64300 
64301 
47931 
47932 
47933 
6978 
6979 
6980 
31563 
64332 
31564 
64333 
31565 
64334 
47964 
47965 
47966 
7011 
7012 
7013 
31596 
64365 
31597 
64366 
31598 
64367 
47997 
47998 
47999 
7044 
7045 
7046 
64398 
64399 
64400 
48030 
48031 
48032 
7077 
7078 
7079 
48063 
48064 
48065 
7110 
7111 
7112 
7143 
7144 
7145 
7176 
7177 
7178 
7209 
7210 
7211 
7242 
7243 
7244 
7275 
7276 
7277 
7308 
7309 
7310 
56478 
56479 
56480 
7341 
7342 
7343 
56511 
56512 
56513 
7374 
7375 
7376 
56544 
56545 
56546 
7407 
40176 
7408 
40177 
7409 
40178 
56577 
56578 
56579 
7440 
40209 
7441 
40210 
7442 
40211 
56610 
56611 
56612 
7473 
40242 
7474 
40243 
7475 
40244 
56643 
56644 
56645 
7506 
40275 
7507 
40276 
7508 
40277 
56676 
56677 
56678 
7539 
40308 
7540 
40309 
7541 
40310 
56709 
56710 
56711 
7572 
40341 
7573 
40342 
7574 
40343 
56742 
56743 
56744 
7605 
40374 
7606 
40375 
7607 
40376 
56775 
56776 
56777 
40407 
40408 
40409 
40440 
40441 
40442 
65190 
65191 
65192 
65223 
65224 
65225 
48855 
48856 
48857 
65256 
65257 
65258 
48888 
48889 
48890 
65289 
65290 
65291 
48921 
48922 
48923 
65322 
65323 
65324 
48954 
48955 
48956 
65355 
65356 
65357 
48987 
48988 
48989 
65388 
65389 
65390 
49020 
49021 
49022 
32652 
65421 
32653 
65422 
32654 
65423 
49053 
49054 
49055 
32685 
65454 
32686 
65455 
32687 
65456 
49086 
49087 
49088 
65487 
65488 
65489 
49119 
49120 
49121 
)

// ************************************************************************* //
